    4.101597E-09     -4.432074E-10     -3.107526E-10     -4.432074E-10     -4.464391E-09     -6.745159E-09     -3.107526E-10     -6.745159E-09     -6.173572E-09
    4.903744E-09     -4.100495E-10     -3.134285E-10     -4.100495E-10     -6.247560E-09     -7.160698E-09     -3.134285E-10     -7.160698E-09     -6.472748E-09
    5.703256E-09     -3.755477E-10     -3.098024E-10     -3.755477E-10     -8.054739E-09     -7.494965E-09     -3.098024E-10     -7.494965E-09     -6.741266E-09
    6.483980E-09     -3.401865E-10     -2.997616E-10     -3.401865E-10     -9.853821E-09     -7.745338E-09     -2.997616E-10     -7.745338E-09     -6.969308E-09
    7.229644E-09     -3.044629E-10     -2.832995E-10     -3.044629E-10     -1.161235E-08     -7.910398E-09     -2.832995E-10     -7.910398E-09     -7.147101E-09
    7.924138E-09     -2.688784E-10     -2.605179E-10     -2.688784E-10     -1.329803E-08     -7.989952E-09     -2.605179E-10     -7.989952E-09     -7.265096E-09
    8.551781E-09     -2.339313E-10     -2.316266E-10     -2.339313E-10     -1.487931E-08     -7.985024E-09     -2.316266E-10     -7.985024E-09     -7.314148E-09
    9.097596E-09     -2.001089E-10     -1.969425E-10     -2.001089E-10     -1.632583E-08     -7.897836E-09     -1.969425E-10     -7.897836E-09     -7.285693E-09
    9.547570E-09     -1.678798E-10     -1.568855E-10     -1.678798E-10     -1.760903E-08     -7.731771E-09     -1.568855E-10     -7.731771E-09     -7.171913E-09
    9.888909E-09     -1.376864E-10     -1.119742E-10     -1.376864E-10     -1.870254E-08     -7.491306E-09     -1.119742E-10     -7.491306E-09     -6.965904E-09
    1.011027E-08     -1.099378E-10     -6.281804E-11     -1.099378E-10     -1.958273E-08     -7.181943E-09     -6.281804E-11     -7.181943E-09     -6.661823E-09
    1.020196E-08     -8.500271E-11     -1.010978E-11     -8.500271E-11     -2.022906E-08     -6.810114E-09     -1.010978E-11     -6.810114E-09     -6.255027E-09
    1.015616E-08     -6.320391E-11      4.538516E-11     -6.320391E-11     -2.062448E-08     -6.383073E-09      4.538516E-11     -6.383073E-09     -5.742186E-09
    9.967049E-09     -4.481229E-11      1.028399E-10     -4.481229E-11     -2.075577E-08     -5.908776E-09      1.028399E-10     -5.908776E-09     -5.121392E-09
    9.630956E-09     -3.004246E-11      1.613789E-10     -3.004246E-11     -2.061375E-08     -5.395751E-09      1.613789E-10     -5.395751E-09     -4.392229E-09
    9.146447E-09     -1.904893E-11      2.200914E-10     -1.904893E-11     -2.019352E-08     -4.852950E-09      2.200914E-10     -4.852950E-09     -3.555839E-09
    8.514390E-09     -1.192335E-11      2.780465E-10     -1.192335E-11     -1.949457E-08     -4.289609E-09      2.780465E-10     -4.289609E-09     -2.614944E-09
    7.737981E-09     -8.692774E-12      3.343077E-10     -8.692774E-12     -1.852085E-08     -3.715088E-09      3.343077E-10     -3.715088E-09     -1.573865E-09
    6.822727E-09     -9.319064E-12      3.879488E-10     -9.319064E-12     -1.728073E-08     -3.138722E-09      3.879488E-10     -3.138722E-09     -4.384922E-10
    5.776400E-09     -1.369933E-11      4.380694E-10     -1.369933E-11     -1.578693E-08     -2.569659E-09      4.380694E-10     -2.569659E-09      7.837485E-10
    4.608942E-09     -2.166757E-11      4.838102E-10     -2.166757E-11     -1.405637E-08     -2.016716E-09      4.838102E-10     -2.016716E-09      2.083970E-09
    3.332348E-09     -3.299737E-11      5.243679E-10     -3.299737E-11     -1.210994E-08     -1.488229E-09      5.243679E-10     -1.488229E-09      3.451914E-09
    1.960502E-09     -4.740577E-11      5.590095E-10     -4.740577E-11     -9.972164E-09     -9.919148E-10      5.590095E-10     -9.919148E-10      4.876071E-09
    5.089881E-10     -6.455804E-11      5.870851E-10     -6.455804E-11     -7.670890E-09     -5.347460E-10      5.870851E-10     -5.347460E-10      6.343815E-09
   -1.005134E-09     -8.407352E-11      6.080401E-10     -8.407352E-11     -5.236851E-09     -1.228353E-10      6.080401E-10     -1.228353E-10      7.841561E-09
   -2.563570E-09     -1.055323E-10      6.214255E-10     -1.055323E-10     -2.703199E-09      2.386639E-10      6.214255E-10      2.386639E-10      9.354942E-09
   -4.147067E-09     -1.284824E-10      6.269061E-10     -1.284824E-10     -1.049993E-10      5.456408E-10      6.269061E-10      5.456408E-10      1.086900E-08
   -5.735694E-09     -1.524482E-10      6.242680E-10     -1.524482E-10      2.521315E-09      7.950919E-10      6.242680E-10      7.950919E-10      1.236837E-08
   -7.309145E-09     -1.769384E-10      6.134224E-10     -1.769384E-10      5.138514E-09      9.851673E-10      6.134224E-10      9.851673E-10      1.383753E-08
   -8.847046E-09     -2.014554E-10      5.944091E-10     -2.014554E-10      7.709159E-09      1.115196E-09      5.944091E-10      1.115196E-09      1.526096E-08
   -1.032927E-08     -2.255035E-10      5.673960E-10     -2.255035E-10      1.019619E-08      1.185692E-09      5.673960E-10      1.185692E-09      1.662342E-08
   -1.173623E-08     -2.485987E-10      5.326778E-10     -2.485987E-10      1.256353E-08      1.198338E-09      5.326778E-10      1.198338E-09      1.791011E-08
   -1.304921E-08     -2.702766E-10      4.906717E-10     -2.702766E-10      1.477664E-08      1.155949E-09      4.906717E-10      1.155949E-09      1.910690E-08
   -1.425064E-08     -2.901016E-10      4.419110E-10     -2.901016E-10      1.680309E-08      1.062418E-09      4.419110E-10      1.062418E-09      2.020054E-08
   -1.532435E-08     -3.076741E-10      3.870371E-10     -3.076741E-10      1.861308E-08      9.226384E-10      3.870371E-10      9.226384E-10      2.117887E-08
   -1.625585E-08     -3.226381E-10      3.267889E-10     -3.226381E-10      2.017990E-08      7.424145E-10      3.267889E-10      7.424145E-10      2.203091E-08
   -1.703256E-08     -3.346878E-10      2.619913E-10     -3.346878E-10      2.148039E-08      5.283509E-10      2.619913E-10      5.283509E-10      2.274713E-08
   -1.764396E-08     -3.435727E-10      1.935418E-10     -3.435727E-10      2.249530E-08      2.877305E-10      1.935418E-10      2.877305E-10      2.331950E-08
   -1.808181E-08     -3.491025E-10      1.223953E-10     -3.491025E-10      2.320958E-08      2.837891E-11      1.223953E-10      2.837891E-11      2.374164E-08
   -1.834025E-08     -3.511503E-10      4.954904E-11     -3.511503E-10      2.361268E-08     -2.414792E-10      4.954904E-11     -2.414792E-10      2.400890E-08
   -1.841589E-08     -3.496550E-10     -2.397388E-11     -3.496550E-10      2.369864E-08     -5.133725E-10     -2.397388E-11     -5.133725E-10      2.411844E-08
   -1.830785E-08     -3.446223E-10     -9.714137E-11     -3.446223E-10      2.346626E-08     -7.787388E-10     -9.714137E-11     -7.787388E-10      2.406923E-08
   -1.801781E-08     -3.361246E-10     -1.689290E-10     -3.361246E-10      2.291907E-08     -1.029083E-09     -1.689290E-10     -1.029083E-09      2.386211E-08
   -1.754993E-08     -3.242997E-10     -2.383366E-10     -3.242997E-10      2.206530E-08     -1.256134E-09     -2.383366E-10     -1.256134E-09      2.349973E-08
   -1.691084E-08     -3.093481E-10     -3.044045E-10     -3.093481E-10      2.091772E-08     -1.451999E-09     -3.044045E-10     -1.451999E-09      2.298654E-08
   -1.610948E-08     -2.915297E-10     -3.662285E-10     -2.915297E-10      1.949347E-08     -1.609309E-09     -3.662285E-10     -1.609309E-09      2.232867E-08
   -1.515699E-08     -2.711589E-10     -4.229744E-10     -2.711589E-10      1.781373E-08     -1.721357E-09     -4.229744E-10     -1.721357E-09      2.153390E-08
   -1.406650E-08     -2.485992E-10     -4.738910E-10     -2.485992E-10      1.590344E-08     -1.782228E-09     -4.738910E-10     -1.782228E-09      2.061148E-08
   -1.285297E-08     -2.242568E-10     -5.183211E-10     -2.242568E-10      1.379084E-08     -1.786906E-09     -5.183211E-10     -1.786906E-09      1.957204E-08
   -1.153293E-08     -1.985731E-10     -5.557116E-10     -1.985731E-10      1.150706E-08     -1.731381E-09     -5.557116E-10     -1.731381E-09      1.842738E-08
   -1.012419E-08     -1.720177E-10     -5.856215E-10     -1.720177E-10      9.085606E-09     -1.612724E-09     -5.856215E-10     -1.612724E-09      1.719033E-08
   -8.645641E-09     -1.450796E-10     -6.077276E-10     -1.450796E-10      6.561831E-09     -1.429150E-09     -6.077276E-10     -1.429150E-09      1.587458E-08
   -7.116873E-09     -1.182592E-10     -6.218287E-10     -1.182592E-10      3.972365E-09     -1.180067E-09     -6.218287E-10     -1.180067E-09      1.449440E-08
   -5.557933E-09     -9.205982E-11     -6.278474E-10     -9.205982E-11      1.354547E-09     -8.660967E-10     -6.278474E-10     -8.660967E-10      1.306453E-08
   -3.988998E-09     -6.697879E-11     -6.258302E-10     -6.697879E-11     -1.254168E-09     -4.890767E-10     -6.258302E-10     -4.890767E-10      1.159991E-08
   -2.430069E-09     -4.349947E-11     -6.159452E-10     -4.349947E-11     -3.816793E-09     -5.204695E-11     -6.159452E-10     -5.204695E-11      1.011547E-08
   -9.006688E-10     -2.208300E-11     -5.984782E-10     -2.208300E-11     -6.297386E-09      4.407890E-10     -5.984782E-10      4.407890E-10      8.625964E-09
    5.804494E-10     -3.160671E-12     -5.738268E-10     -3.160671E-12     -8.661606E-09      9.841192E-10     -5.738268E-10      9.841192E-10      7.145713E-09
    1.995580E-09      1.287317E-11     -5.424931E-10      1.287317E-11     -1.087724E-08      1.571599E-09     -5.424931E-10      1.571599E-09      5.688453E-09
    3.328324E-09      2.566760E-11     -5.050739E-10      2.566760E-11     -1.291470E-08      2.195940E-09     -5.050739E-10      2.195940E-09      4.267136E-09
    4.563828E-09      3.492084E-11     -4.622511E-10      3.492084E-11     -1.474747E-08      2.849024E-09     -4.622511E-10      2.849024E-09      2.893769E-09
    5.688991E-09      4.038515E-11     -4.147795E-10      4.038515E-11     -1.635248E-08      3.522015E-09     -4.147795E-10      3.522015E-09      1.579263E-09
    6.692648E-09      4.187091E-11     -3.634742E-10      4.187091E-11     -1.771048E-08      4.205503E-09     -3.634742E-10      4.205503E-09      3.333062E-10
    7.565718E-09      3.924962E-11     -3.091973E-10      3.924962E-11     -1.880630E-08      4.889639E-09     -3.091973E-10      4.889639E-09     -8.357466E-10
    8.301322E-09      3.245611E-11     -2.528441E-10      3.245611E-11     -1.962906E-08      5.564293E-09     -2.528441E-10      5.564293E-09     -1.920958E-09
    8.894857E-09      2.148964E-11     -1.953284E-10      2.148964E-11     -2.017232E-08      6.219206E-09     -1.953284E-10      6.219206E-09     -2.916871E-09
    9.344043E-09      6.414092E-12     -1.375683E-10      6.414092E-12     -2.043414E-08      6.844152E-09     -1.375683E-10      6.844152E-09     -3.819545E-09
    9.648926E-09     -1.264291E-11     -8.047195E-11     -1.264291E-11     -2.041710E-08      7.429095E-09     -8.047195E-11      7.429095E-09     -4.626570E-09
    9.811850E-09     -3.549172E-11     -2.492362E-11     -3.549172E-11     -2.012819E-08      7.964350E-09     -2.492362E-11      7.964350E-09     -5.337055E-09
    9.837384E-09     -6.188341E-11      2.823003E-11     -6.188341E-11     -1.957872E-08      8.440736E-09      2.823003E-11      8.440736E-09     -5.951590E-09
    9.732225E-09     -9.151332E-11      7.819250E-11     -9.151332E-11     -1.878408E-08      8.849719E-09      7.819250E-11      8.849719E-09     -6.472190E-09
    9.505058E-09     -1.240254E-10      1.242295E-10     -1.240254E-10     -1.776347E-08      9.183552E-09      1.242295E-10      9.183552E-09     -6.902212E-09
    9.166391E-09     -1.590174E-10      1.656796E-10     -1.590174E-10     -1.653960E-08      9.435402E-09      1.656796E-10      9.435402E-09     -7.246254E-09
    8.728361E-09     -1.960467E-10      2.019641E-10     -1.960467E-10     -1.513823E-08      9.599459E-09      2.019641E-10      9.599459E-09     -7.510033E-09
    8.204516E-09     -2.346363E-10      2.325954E-10     -2.346363E-10     -1.358784E-08      9.671038E-09      2.325954E-10      9.671038E-09     -7.700254E-09
    7.609568E-09     -2.742824E-10      2.571839E-10     -2.742824E-10     -1.191907E-08      9.646659E-09      2.571839E-10      9.646659E-09     -7.824450E-09
    6.959142E-09     -3.144608E-10      2.754432E-10     -3.144608E-10     -1.016425E-08      9.524108E-09      2.754432E-10      9.524108E-09     -7.890827E-09
    6.269499E-09     -3.546351E-10      2.871945E-10     -3.546351E-10     -8.356881E-09      9.302488E-09      2.871945E-10      9.302488E-09     -7.908089E-09
    5.557258E-09     -3.942640E-10      2.923684E-10     -3.942640E-10     -6.531044E-09      8.982238E-09      2.923684E-10      8.982238E-09     -7.885260E-09
    4.839108E-09     -4.328094E-10      2.910056E-10     -4.328094E-10     -4.720875E-09      8.565146E-09      2.910056E-10      8.565146E-09     -7.831503E-09
    4.131525E-09     -4.697438E-10      2.832562E-10     -4.697438E-10     -2.959992E-09      8.054327E-09      2.832562E-10      8.054327E-09     -7.755939E-09
    3.450487E-09     -5.045584E-10      2.693766E-10     -5.045584E-10     -1.280946E-09      7.454196E-09      2.693766E-10      7.454196E-09     -7.667467E-09
    2.811204E-09     -5.367700E-10      2.497253E-10     -5.367700E-10      2.853122E-10      6.770408E-09      2.497253E-10      6.770408E-09     -7.574592E-09
    2.227855E-09     -5.659284E-10      2.247574E-10     -5.659284E-10      1.709942E-09      6.009792E-09      2.247574E-10      6.009792E-09     -7.485256E-09
    1.713349E-09     -5.916228E-10      1.950172E-10     -5.916228E-10      2.966685E-09      5.180253E-09      1.950172E-10      5.180253E-09     -7.406687E-09
    1.279099E-09     -6.134881E-10      1.611292E-10     -6.134881E-10      4.032303E-09      4.290676E-09      1.611292E-10      4.290676E-09     -7.345258E-09
    9.348271E-10     -6.312099E-10      1.237888E-10     -6.312099E-10      4.886963E-09      3.350793E-09      1.237888E-10      3.350793E-09     -7.306357E-09
    6.883917E-10     -6.445299E-10      8.375121E-11     -6.445299E-10      5.514568E-09      2.371060E-09      8.375121E-11      2.371060E-09     -7.294285E-09
    5.456508E-10     -6.532491E-10      4.181919E-11     -6.532491E-10      5.903036E-09      1.362501E-09      4.181919E-11      1.362501E-09     -7.312162E-09
    5.103533E-10     -6.572317E-10     -1.169283E-12     -6.572317E-10      6.044506E-09      3.365605E-10     -1.169283E-12      3.365605E-10     -7.361864E-09
    5.840668E-10     -6.564068E-10     -4.435455E-11     -6.564068E-10      5.935486E-09     -6.950595E-10     -4.435455E-11     -6.950595E-10     -7.443975E-09
    7.661408E-10     -6.507700E-10     -8.686896E-11     -6.507700E-10      5.576919E-09     -1.720567E-09     -8.686896E-11     -1.720567E-09     -7.557768E-09
    1.053707E-09     -6.403836E-10     -1.278508E-10     -6.403836E-10      4.974194E-09     -2.728245E-09     -1.278508E-10     -2.728245E-09     -7.701205E-09
    1.441715E-09     -6.253763E-10     -1.664586E-10     -6.253763E-10      4.137073E-09     -3.706622E-09     -1.664586E-10     -3.706622E-09     -7.870959E-09
    1.923008E-09     -6.059413E-10     -2.018843E-10     -6.059413E-10      3.079548E-09     -4.644628E-09     -2.018843E-10     -4.644628E-09     -8.062470E-09
    2.488427E-09     -5.823339E-10     -2.333676E-10     -5.823339E-10      1.819638E-09     -5.531762E-09     -2.333676E-10     -5.531762E-09     -8.270010E-09
    3.126957E-09     -5.548683E-10     -2.602080E-10     -5.548683E-10      3.791097E-10     -6.358234E-09     -2.602080E-10     -6.358234E-09     -8.486780E-09
    3.825901E-09     -5.239126E-10     -2.817774E-10     -5.239126E-10     -1.216860E-09     -7.115109E-09     -2.817774E-10     -7.115109E-09     -8.705026E-09
    4.571083E-09     -4.898844E-10     -2.975307E-10     -4.898844E-10     -2.940077E-09     -7.794430E-09     -2.975307E-10     -7.794430E-09     -8.916168E-09
    5.347080E-09     -4.532444E-10     -3.070162E-10     -4.532444E-10     -4.759779E-09     -8.389331E-09     -3.070162E-10     -8.389331E-09     -9.110954E-09
    6.137473E-09     -4.144897E-10     -3.098837E-10     -4.144897E-10     -6.643125E-09     -8.894137E-09     -3.098837E-10     -8.894137E-09     -9.279622E-09
    6.925122E-09     -3.741466E-10     -3.058918E-10     -3.741466E-10     -8.555727E-09     -9.304436E-09     -3.058918E-10     -9.304436E-09     -9.412080E-09
    7.692450E-09     -3.327629E-10     -2.949133E-10     -3.327629E-10     -1.046220E-08     -9.617139E-09     -2.949133E-10     -9.617139E-09     -9.498093E-09
    8.421744E-09     -2.908996E-10     -2.769386E-10     -2.908996E-10     -1.232676E-08     -9.830521E-09     -2.769386E-10     -9.830521E-09     -9.527472E-09
    9.095457E-09     -2.491226E-10     -2.520779E-10     -2.491226E-10     -1.411379E-08     -9.944238E-09     -2.520779E-10     -9.944238E-09     -9.490274E-09
    9.696509E-09     -2.079939E-10     -2.205610E-10     -2.079939E-10     -1.578844E-08     -9.959321E-09     -2.205610E-10     -9.959321E-09     -9.376996E-09
    1.020859E-08     -1.680630E-10     -1.827351E-10     -1.680630E-10     -1.731722E-08     -9.878154E-09     -1.827351E-10     -9.878154E-09     -9.178771E-09
    1.061645E-08     -1.298585E-10     -1.390613E-10     -1.298585E-10     -1.866856E-08     -9.704428E-09     -1.390613E-10     -9.704428E-09     -8.887548E-09
    1.090617E-08     -9.388001E-11     -9.010814E-11     -9.388001E-11     -1.981336E-08     -9.443075E-09     -9.010814E-11     -9.443075E-09     -8.496277E-09
    1.106542E-08     -6.058976E-11     -3.654453E-11     -6.058976E-11     -2.072548E-08     -9.100181E-09     -3.654453E-11     -9.100181E-09     -7.999066E-09
    1.108372E-08     -3.040576E-11      2.087015E-11     -3.040576E-11     -2.138222E-08     -8.682889E-09      2.087015E-11     -8.682889E-09     -7.391332E-09
    1.095259E-08     -3.694902E-12      8.129696E-11     -3.694902E-12     -2.176472E-08     -8.199271E-09      8.129696E-11     -8.199271E-09     -6.669927E-09
    1.066580E-08      1.923291E-11      1.438301E-10      1.923291E-11     -2.185829E-08     -7.658200E-09      1.438301E-10     -7.658200E-09     -5.833252E-09
    1.021943E-08      3.812980E-11      2.075107E-10      3.812980E-11     -2.165276E-08     -7.069203E-09      2.075107E-10     -7.069203E-09     -4.881337E-09
    9.612056E-09      5.281400E-11      2.713419E-10      5.281400E-11     -2.114263E-08     -6.442301E-09      2.713419E-10     -6.442301E-09     -3.815903E-09
    8.844764E-09      6.317281E-11      3.343048E-10      6.317281E-11     -2.032723E-08     -5.787847E-09      3.343048E-10     -5.787847E-09     -2.640393E-09
    7.921193E-09      6.916447E-11      3.953748E-10      6.916447E-11     -1.921080E-08     -5.116357E-09      3.953748E-10     -5.116357E-09     -1.359985E-09
    6.847520E-09      7.081886E-11      4.535385E-10      7.081886E-11     -1.780248E-08     -4.438338E-09      4.535385E-10     -4.438338E-09      1.843628E-11
    5.632404E-09      6.823700E-11      5.078107E-10      6.823700E-11     -1.611615E-08     -3.764116E-09      5.078107E-10     -3.764116E-09      1.486326E-09
    4.286885E-09      6.158928E-11      5.572507E-10      6.158928E-11     -1.417035E-08     -3.103668E-09      5.572507E-10     -3.103668E-09      3.033555E-09
    2.824251E-09      5.111260E-11      6.009788E-10      5.111260E-11     -1.198795E-08     -2.466464E-09      6.009788E-10     -2.466464E-09      4.648514E-09
    1.259862E-09      3.710622E-11      6.381917E-10      3.710622E-11     -9.595879E-09     -1.861309E-09      6.381917E-10     -1.861309E-09      6.318244E-09
   -3.890603E-10      1.992666E-11      6.681761E-10      1.992666E-11     -7.024686E-09     -1.296209E-09      6.681761E-10     -1.296209E-09      8.028585E-09
   -2.103676E-09     -1.858325E-14      6.903224E-10     -1.858325E-14     -4.308120E-09     -7.782375E-10      6.903224E-10     -7.782375E-10      9.764352E-09
   -3.863796E-09     -2.227811E-11      7.041351E-10     -2.227811E-11     -1.482607E-09     -3.134272E-10      7.041351E-10     -3.134272E-10      1.150953E-08
   -5.648174E-09     -4.636456E-11      7.092431E-10     -4.636456E-11      1.413310E-09      9.332260E-11      7.092431E-10      9.332260E-11      1.324746E-08
   -7.434827E-09     -7.176320E-11      7.054062E-10     -7.176320E-11      4.339560E-09      4.383201E-10      7.054062E-10      4.383201E-10      1.496111E-08
   -9.201356E-09     -9.794104E-11      6.925212E-10     -9.794104E-11      7.255176E-09      7.191334E-10      6.925212E-10      7.191334E-10      1.663325E-08
   -1.092529E-08     -1.243563E-10      6.706240E-10     -1.243563E-10      1.011893E-08      9.346210E-10      6.706240E-10      9.346210E-10      1.824672E-08
   -1.258442E-08     -1.504681E-10      6.398910E-10     -1.504681E-10      1.288998E-08      1.084940E-09      6.398910E-10      1.084940E-09      1.978464E-08
   -1.415716E-08     -1.757459E-10      6.006366E-10     -1.757459E-10      1.552854E-08      1.171533E-09      6.006366E-10      1.171533E-09      2.123070E-08
   -1.562282E-08     -1.996793E-10      5.533093E-10     -1.996793E-10      1.799647E-08      1.197088E-09      5.533093E-10      1.197088E-09      2.256931E-08
   -1.696202E-08     -2.217870E-10      4.984852E-10     -2.217870E-10      2.025792E-08      1.165484E-09      4.984852E-10      1.165484E-09      2.378589E-08
   -1.815688E-08     -2.416254E-10      4.368593E-10     -2.416254E-10      2.227989E-08      1.081709E-09      4.368593E-10      1.081709E-09      2.486705E-08
   -1.919140E-08     -2.587967E-10      3.692345E-10     -2.587967E-10      2.403275E-08      9.517649E-10      3.692345E-10      9.517649E-10      2.580078E-08
   -2.005162E-08     -2.729558E-10      2.965091E-10     -2.729558E-10      2.549075E-08      7.825453E-10      2.965091E-10      7.825453E-10      2.657663E-08
   -2.072591E-08     -2.838168E-10      2.196626E-10     -2.838168E-10      2.663237E-08      5.817094E-10      2.196626E-10      5.817094E-10      2.718583E-08
   -2.120509E-08     -2.911577E-10      1.397395E-10     -2.911577E-10      2.744074E-08      3.575340E-10      1.397395E-10      3.575340E-10      2.762148E-08
   -2.148263E-08     -2.948247E-10      5.783295E-11     -2.948247E-10      2.790384E-08      1.187580E-10      5.783295E-11      1.187580E-10      2.787856E-08
   -2.155469E-08     -2.947347E-10     -2.493300E-11     -2.947347E-10      2.801475E-08     -1.255818E-10     -2.493300E-11     -1.255818E-10      2.795410E-08
   -2.142023E-08     -2.908768E-10     -1.074218E-10     -2.908768E-10      2.777174E-08     -3.663199E-10     -1.074218E-10     -3.663199E-10      2.784714E-08
   -2.108101E-08     -2.833126E-10     -1.885023E-10     -2.833126E-10      2.717828E-08     -5.943341E-10     -1.885023E-10     -5.943341E-10      2.755877E-08
   -2.054155E-08     -2.721747E-10     -2.670673E-10     -2.721747E-10      2.624300E-08     -8.007163E-10     -2.670673E-10     -8.007163E-10      2.709214E-08
   -1.980905E-08     -2.576646E-10     -3.420512E-10     -2.576646E-10      2.497956E-08     -9.769399E-10     -3.420512E-10     -9.769399E-10      2.645234E-08
   -1.889331E-08     -2.400487E-10     -4.124463E-10     -2.400487E-10      2.340641E-08     -1.115021E-09     -4.124463E-10     -1.115021E-09      2.564642E-08
   -1.780656E-08     -2.196539E-10     -4.773196E-10     -2.196539E-10      2.154650E-08     -1.207668E-09     -4.773196E-10     -1.207668E-09      2.468319E-08
   -1.656325E-08     -1.968615E-10     -5.358265E-10     -1.968615E-10      1.942693E-08     -1.248425E-09     -5.358265E-10     -1.248425E-09      2.357316E-08
   -1.517985E-08     -1.721006E-10     -5.872238E-10     -1.721006E-10      1.707848E-08     -1.231795E-09     -5.872238E-10     -1.231795E-09      2.232834E-08
   -1.367458E-08     -1.458403E-10     -6.308811E-10     -1.458403E-10      1.453514E-08     -1.153345E-09     -6.308811E-10     -1.153345E-09      2.096211E-08
   -1.206714E-08     -1.185816E-10     -6.662899E-10     -1.185816E-10      1.183359E-08     -1.009806E-09     -6.662899E-10     -1.009806E-09      1.948897E-08
   -1.037838E-08     -9.084877E-11     -6.930703E-10     -9.084877E-11      9.012582E-09     -7.991355E-10     -6.930703E-10     -7.991355E-10      1.792438E-08
   -8.630029E-09     -6.317993E-11     -7.109763E-10     -6.317993E-11      6.112333E-09     -5.205706E-10     -7.109763E-10     -5.205706E-10      1.628450E-08
   -6.844301E-09     -3.611800E-11     -7.198980E-10     -3.611800E-11      3.173916E-09     -1.746574E-10     -7.198980E-10     -1.746574E-10      1.458603E-08
   -5.043606E-09     -1.020126E-11     -7.198623E-10     -1.020126E-11      2.385967E-10      2.367439E-10     -7.198623E-10      2.367439E-10      1.284587E-08
   -3.250191E-09      1.404583E-11     -7.110309E-10      1.404583E-11     -2.652805E-09      7.104749E-10     -7.110309E-10      7.104749E-10      1.108099E-08
   -1.485814E-09      3.612160E-11     -6.936963E-10      3.612160E-11     -5.460549E-09      1.242117E-09     -6.936963E-10      1.242117E-09      9.308135E-09
    2.285818E-10      5.555559E-11     -6.682759E-10      5.555559E-11     -8.146585E-09      1.826050E-09     -6.682759E-10      1.826050E-09      7.543631E-09
    1.873172E-09      7.191653E-11     -6.353035E-10      7.191653E-11     -1.067514E-08      2.455533E-09     -6.353035E-10      2.455533E-09      5.803153E-09
    3.429543E-09      8.481961E-11     -5.954203E-10      8.481961E-11     -1.301325E-08      3.122801E-09     -5.954203E-10      3.122801E-09      4.101534E-09
    4.880946E-09      9.393283E-11     -5.493627E-10      9.393283E-11     -1.513128E-08      3.819184E-09     -5.493627E-10      3.819184E-09      2.452575E-09
    6.212542E-09      9.898267E-11     -4.979502E-10      9.898267E-11     -1.700332E-08      4.535233E-09     -4.979502E-10      4.535233E-09      8.688790E-10
    7.411594E-09      9.975859E-11     -4.420715E-10      9.975859E-11     -1.860761E-08      5.260871E-09     -4.420715E-10      5.260871E-09     -6.382934E-10
    8.467637E-09      9.611661E-11     -3.826691E-10      9.611661E-11     -1.992682E-08      5.985542E-09     -3.826691E-10      5.985542E-09     -2.059148E-09
    9.372611E-09      8.798180E-11     -3.207248E-10      8.798180E-11     -2.094831E-08      6.698381E-09     -3.207248E-10      6.698381E-09     -3.385453E-09
    1.012095E-08      7.534966E-11     -2.572430E-10      7.534966E-11     -2.166424E-08      7.388381E-09     -2.572430E-10      7.388381E-09     -4.610611E-09
    1.070962E-08      5.828639E-11     -1.932352E-10      5.828639E-11     -2.207172E-08      8.044566E-09     -1.932352E-10      8.044566E-09     -5.729703E-09
    1.113814E-08      3.692807E-11     -1.297039E-10      3.692807E-11     -2.217279E-08      8.656166E-09     -1.297039E-10      8.656166E-09     -6.739507E-09
    1.140857E-08      1.147878E-11     -6.762695E-11      1.147878E-11     -2.197433E-08      9.212788E-09     -6.762695E-11      9.212788E-09     -7.638485E-09
    1.152540E-08     -1.779238E-11     -7.942590E-12     -1.779238E-11     -2.148791E-08      9.704582E-09     -7.942590E-12      9.704582E-09     -8.426751E-09
    1.149545E-08     -5.055512E-11      4.846482E-11     -5.055512E-11     -2.072962E-08      1.012240E-08      4.846482E-11      1.012240E-08     -9.106003E-09
    1.132776E-08     -8.642285E-11      1.007781E-10     -8.642285E-11     -1.971969E-08      1.045794E-08      1.007781E-10      1.045794E-08     -9.679443E-09
    1.103336E-08     -1.249583E-10      1.482594E-10     -1.249583E-10     -1.848221E-08      1.070391E-08      1.482594E-10      1.070391E-08     -1.015166E-08
    1.062509E-08     -1.656799E-10      1.902609E-10     -1.656799E-10     -1.704467E-08      1.085409E-08      1.902609E-10      1.085409E-08     -1.052852E-08
    1.011737E-08     -2.080689E-10      2.262341E-10     -2.080689E-10     -1.543751E-08      1.090351E-08      2.262341E-10      1.090351E-08     -1.081697E-08
    9.525888E-09     -2.515769E-10      2.557379E-10     -2.515769E-10     -1.369358E-08      1.084849E-08      2.557379E-10      1.084849E-08     -1.102495E-08
    8.867387E-09     -2.956337E-10      2.784439E-10     -2.956337E-10     -1.184763E-08      1.068672E-08      2.784439E-10      1.068672E-08     -1.116113E-08
    8.159324E-09     -3.396560E-10      2.941413E-10     -3.396560E-10     -9.935672E-09      1.041731E-08      2.941413E-10      1.041731E-08     -1.123480E-08
    7.419580E-09     -3.830554E-10      3.027390E-10     -3.830554E-10     -7.994453E-09      1.004083E-08      3.027390E-10      1.004083E-08     -1.125562E-08
    6.666148E-09     -4.252474E-10      3.042665E-10     -4.252474E-10     -6.060796E-09      9.559293E-09      3.042665E-10      9.559293E-09     -1.123345E-08
    5.916824E-09     -4.656597E-10      2.988720E-10     -4.656597E-10     -4.171013E-09      8.976144E-09      2.988720E-10      8.976144E-09     -1.117817E-08
    5.188901E-09     -5.037406E-10      2.868203E-10     -5.037406E-10     -2.360309E-09      8.296235E-09      2.868203E-10      8.296235E-09     -1.109942E-08
    4.498875E-09     -5.389670E-10      2.684869E-10     -5.389670E-10     -6.622006E-10      7.525752E-09      2.684869E-10      7.525752E-09     -1.100648E-08
    3.862159E-09     -5.708521E-10      2.443526E-10     -5.708521E-10      8.920312E-10      6.672142E-09      2.443526E-10      6.672142E-09     -1.090808E-08
    3.292828E-09     -5.989523E-10      2.149946E-10     -5.989523E-10      2.273854E-09      5.744016E-09      2.149946E-10      5.744016E-09     -1.081219E-08
    2.803371E-09     -6.228742E-10      1.810773E-10     -6.228742E-10      3.457953E-09      4.751027E-09      1.810773E-10      4.751027E-09     -1.072589E-08
    2.404484E-09     -6.422798E-10      1.433415E-10     -6.422798E-10      4.422645E-09      3.703745E-09      1.433415E-10      3.703745E-09     -1.065525E-08
    2.104885E-09     -6.568920E-10      1.025920E-10     -6.568920E-10      5.150239E-09      2.613508E-09      1.025920E-10      2.613508E-09     -1.060521E-08
    1.911162E-09     -6.664986E-10      5.968500E-11     -6.664986E-10      5.627327E-09      1.492265E-09      5.968500E-11      1.492265E-09     -1.057945E-08
    1.827663E-09     -6.709552E-10      1.551410E-11     -6.709552E-10      5.845011E-09      3.524083E-10      1.551410E-11      3.524083E-10     -1.058035E-08
    1.856412E-09     -6.701880E-10     -2.900426E-11     -6.701880E-10      5.799052E-09     -7.933973E-10     -2.900426E-11     -7.933973E-10     -1.060894E-08
    1.997075E-09     -6.641947E-10     -7.294554E-11     -6.641947E-10      5.489950E-09     -1.932395E-09     -7.294554E-11     -1.932395E-09     -1.066486E-08
    2.246959E-09     -6.530448E-10     -1.153921E-10     -6.530448E-10      4.922945E-09     -3.051916E-09     -1.153921E-10     -3.051916E-09     -1.074636E-08
    2.601048E-09     -6.368788E-10     -1.554484E-10     -6.368788E-10      4.107941E-09     -4.139554E-09     -1.554484E-10     -4.139554E-09     -1.085035E-08
    3.052089E-09     -6.159062E-10     -1.922553E-10     -6.159062E-10      3.059350E-09     -5.183348E-09     -1.922553E-10     -5.183348E-09     -1.097244E-08
    3.590700E-09     -5.904028E-10     -2.250047E-10     -5.904028E-10      1.795876E-09     -6.171940E-09     -2.250047E-10     -6.171940E-09     -1.110698E-08
    4.205526E-09     -5.607068E-10     -2.529531E-10     -5.607068E-10      3.402128E-10     -7.094746E-09     -2.529531E-10     -7.094746E-09     -1.124723E-08
    4.883426E-09     -5.272139E-10     -2.754337E-10     -5.272139E-10     -1.281314E-09     -7.942093E-09     -2.754337E-10     -7.942093E-09     -1.138542E-08
    5.609687E-09     -4.903717E-10     -2.918689E-10     -4.903717E-10     -3.039168E-09     -8.705363E-09     -2.918689E-10     -8.705363E-09     -1.151291E-08
    6.368271E-09     -4.506733E-10     -3.017794E-10     -4.506733E-10     -4.901078E-09     -9.377106E-09     -3.017794E-10     -9.377106E-09     -1.162037E-08
    7.142081E-09     -4.086500E-10     -3.047941E-10     -4.086500E-10     -6.832561E-09     -9.951141E-09     -3.047941E-10     -9.951141E-09     -1.169791E-08
    7.913252E-09     -3.648639E-10     -3.006564E-10     -3.648639E-10     -8.797480E-09     -1.042264E-08     -3.006564E-10     -1.042264E-08     -1.173531E-08
    8.663451E-09     -3.198989E-10     -2.892302E-10     -3.198989E-10     -1.075864E-08     -1.078819E-08     -2.892302E-10     -1.078819E-08     -1.172219E-08
    9.374195E-09     -2.743529E-10     -2.705033E-10     -2.743529E-10     -1.267839E-08     -1.104584E-08     -2.705033E-10     -1.104584E-08     -1.164821E-08
    1.002717E-08     -2.288283E-10     -2.445889E-10     -2.288283E-10     -1.451926E-08     -1.119508E-08     -2.445889E-10     -1.119508E-08     -1.150331E-08
    1.060453E-08     -1.839231E-10     -2.117257E-10     -1.839231E-10     -1.624457E-08     -1.123691E-08     -2.117257E-10     -1.123691E-08     -1.127785E-08
    1.108926E-08     -1.402221E-10     -1.722752E-10     -1.402221E-10     -1.781905E-08     -1.117375E-08     -1.722752E-10     -1.117375E-08     -1.096288E-08
    1.146544E-08     -9.828785E-11     -1.267177E-10     -9.828785E-11     -1.920945E-08     -1.100941E-08     -1.267177E-10     -1.100941E-08     -1.055030E-08
    1.171852E-08     -5.865199E-11     -7.564560E-11     -5.865199E-11     -2.038509E-08     -1.074903E-08     -7.564560E-11     -1.074903E-08     -1.003305E-08
    1.183565E-08     -2.180733E-11     -1.975579E-11     -2.180733E-11     -2.131840E-08     -1.039897E-08     -1.975579E-11     -1.039897E-08     -9.405269E-09
    1.180587E-08      1.179985E-11      4.016075E-11      1.179985E-11     -2.198540E-08     -9.966723E-09      4.016075E-11     -9.966723E-09     -8.662463E-09
    1.162036E-08      4.177670E-11      1.032303E-10      4.177670E-11     -2.236613E-08     -9.460788E-09      1.032303E-10     -9.460788E-09     -7.801637E-09
    1.127259E-08      6.778986E-11      1.685098E-10      6.778986E-11     -2.244502E-08     -8.890508E-09      1.685098E-10     -8.890508E-09     -6.821401E-09
    1.075852E-08      8.957063E-11      2.350010E-10      8.957063E-11     -2.221120E-08     -8.265931E-09      2.350010E-10     -8.265931E-09     -5.722063E-09
    1.007664E-08      1.069192E-10      3.016659E-10      1.069192E-10     -2.165868E-08     -7.597645E-09      3.016659E-10     -7.597645E-09     -4.505687E-09
    9.228126E-09      1.197076E-10      3.674437E-10      1.197076E-10     -2.078657E-08     -6.896601E-09      3.674437E-10     -6.896601E-09     -3.176128E-09
    8.216778E-09      1.278817E-10      4.312673E-10      1.278817E-10     -1.959909E-08     -6.173939E-09      4.312673E-10     -6.173939E-09     -1.739039E-09
    7.049071E-09      1.314621E-10      4.920807E-10      1.314621E-10     -1.810556E-08     -5.440806E-09      4.920807E-10     -5.440806E-09     -2.018506E-10
    5.734065E-09      1.305432E-10      5.488565E-10      1.305432E-10     -1.632034E-08     -4.708179E-09      5.488565E-10     -4.708179E-09      1.426288E-09
    4.283310E-09      1.252919E-10      6.006131E-10      1.252919E-10     -1.426259E-08     -3.986685E-09      6.006131E-10     -3.986685E-09      3.134583E-09
    2.710707E-09      1.159444E-10      6.464311E-10      1.159444E-10     -1.195606E-08     -3.286438E-09      6.464311E-10     -3.286438E-09      4.910706E-09
    1.032323E-09      1.028022E-10      6.854694E-10      1.028022E-10     -9.428723E-09     -2.616874E-09      6.854694E-10     -2.616874E-09      6.740930E-09
   -7.338288E-10      8.622667E-11      7.169792E-10      8.622667E-11     -6.712385E-09     -1.986603E-09      7.169792E-10     -1.986603E-09      8.610284E-09
   -2.568034E-09      6.663295E-11      7.403184E-10      6.663295E-11     -3.842200E-09     -1.403281E-09      7.403184E-10     -1.403281E-09      1.050274E-08
   -4.449165E-09      4.448264E-11      7.549621E-10      4.448264E-11     -8.561478E-10     -8.734851E-10      7.549621E-10     -8.734851E-10      1.240139E-08
   -6.354984E-09      2.027571E-11      7.605133E-10      2.027571E-11      2.205547E-09     -4.026214E-10      7.605133E-10     -4.026214E-10      1.428872E-08
   -8.262466E-09     -5.458248E-12      7.567103E-10     -5.458248E-12      5.301034E-09      5.156546E-12      7.567103E-10      5.156546E-12      1.614676E-08
   -1.014815E-08     -3.216928E-11      7.434323E-10     -3.216928E-11      8.387481E-09      3.470032E-10      7.434323E-10      3.470032E-10      1.795739E-08
   -1.198847E-08     -5.929680E-11      7.207030E-10     -5.929680E-11      1.142175E-08      6.214150E-10      7.207030E-10      6.214150E-10      1.970255E-08
   -1.376015E-08     -8.627942E-11      6.886910E-10     -8.627942E-11      1.436105E-08      8.282415E-10      6.886910E-10      8.282415E-10      2.136449E-08
   -1.544050E-08     -1.125649E-10      6.477087E-10     -1.125649E-10      1.716366E-08      9.686725E-10      6.477087E-10      9.686725E-10      2.292603E-08
   -1.700781E-08     -1.376201E-10      5.982079E-10     -1.376201E-10      1.978951E-08      1.045202E-09      5.982079E-10      1.045202E-09      2.437080E-08
   -1.844166E-08     -1.609400E-10      5.407739E-10     -1.609400E-10      2.220091E-08      1.061571E-09      5.407739E-10      1.061571E-09      2.568345E-08
   -1.972324E-08     -1.820572E-10      4.761163E-10     -1.820572E-10      2.436305E-08      1.022686E-09      4.761163E-10      1.022686E-09      2.684987E-08
   -2.083564E-08     -2.005498E-10      4.050587E-10     -2.005498E-10      2.624464E-08      9.345201E-10      4.050587E-10      9.345201E-10      2.785742E-08
   -2.176410E-08     -2.160493E-10      3.285258E-10     -2.160493E-10      2.781835E-08      8.039944E-10      3.285258E-10      8.039944E-10      2.869508E-08
   -2.249624E-08     -2.282468E-10      2.475287E-10     -2.282468E-10      2.906127E-08      6.388424E-10      2.475287E-10      6.388424E-10      2.935361E-08
   -2.302228E-08     -2.368987E-10      1.631489E-10     -2.368987E-10      2.995528E-08      4.474613E-10      1.631489E-10      4.474613E-10      2.982570E-08
   -2.333517E-08     -2.418310E-10      7.652169E-11     -2.418310E-10      3.048731E-08      2.387516E-10      7.652169E-11      2.387516E-10      3.010605E-08
   -2.343066E-08     -2.429421E-10     -1.118293E-11     -2.429421E-10      3.064960E-08      2.194776E-11     -1.118293E-11      2.194776E-11      3.019147E-08
   -2.330744E-08     -2.402052E-10     -9.877821E-11     -2.402052E-10      3.043977E-08     -1.935571E-10     -9.877821E-11     -1.935571E-10      3.008090E-08
   -2.296712E-08     -2.336681E-10     -1.850800E-10     -2.336681E-10      2.986089E-08     -3.983885E-10     -1.850800E-10     -3.983885E-10      2.977546E-08
   -2.241417E-08     -2.234524E-10     -2.689254E-10     -2.234524E-10      2.892140E-08     -5.833683E-10     -2.689254E-10     -5.833683E-10      2.927838E-08
   -2.165594E-08     -2.097517E-10     -3.491917E-10     -2.097517E-10      2.763500E-08     -7.396886E-10     -3.491917E-10     -7.396886E-10      2.859501E-08
   -2.070244E-08     -1.928277E-10     -4.248135E-10     -1.928277E-10      2.602043E-08     -8.590791E-10     -4.248135E-10     -8.590791E-10      2.773268E-08
   -1.956627E-08     -1.730055E-10     -4.948000E-10     -1.730055E-10      2.410114E-08     -9.339656E-10     -4.948000E-10     -9.339656E-10      2.670065E-08
   -1.826235E-08     -1.506679E-10     -5.582501E-10     -1.506679E-10      2.190495E-08     -9.576160E-10     -5.582501E-10     -9.576160E-10      2.550996E-08
   -1.680776E-08     -1.262486E-10     -6.143664E-10     -1.262486E-10      1.946358E-08     -9.242721E-10     -6.143664E-10     -9.242721E-10      2.417322E-08
   -1.522141E-08     -1.002246E-10     -6.624671E-10     -1.002246E-10      1.681213E-08     -8.292643E-10     -6.624671E-10     -8.292643E-10      2.270450E-08
