   -2.897942E+01     -5.793568E+01     -4.062131E+01     -5.793568E+01     -1.148718E+03     -8.817212E+02     -4.062131E+01     -8.817212E+02     -1.372140E+03
   -3.480981E+01     -5.360131E+01     -4.097109E+01     -5.360131E+01     -1.492498E+03     -9.360401E+02     -4.097109E+01     -9.360401E+02     -1.521935E+03
   -4.063768E+01     -4.909126E+01     -4.049710E+01     -4.909126E+01     -1.839071E+03     -9.797352E+02     -4.049710E+01     -9.797352E+02     -1.667375E+03
   -4.634647E+01     -4.446888E+01     -3.918457E+01     -4.446888E+01     -2.182009E+03     -1.012464E+03     -3.918457E+01     -1.012464E+03     -1.804948E+03
   -5.181818E+01     -3.979913E+01     -3.703267E+01     -3.979913E+01     -2.514827E+03     -1.034040E+03     -3.703267E+01     -1.034040E+03     -1.931134E+03
   -5.693526E+01     -3.514755E+01     -3.405467E+01     -3.514755E+01     -2.831079E+03     -1.044439E+03     -3.405467E+01     -1.044439E+03     -2.042459E+03
   -6.158267E+01     -3.057930E+01     -3.027803E+01     -3.057930E+01     -3.124474E+03     -1.043795E+03     -3.027803E+01     -1.043795E+03     -2.135563E+03
   -6.564979E+01     -2.615806E+01     -2.574415E+01     -2.615806E+01     -3.388978E+03     -1.032398E+03     -2.574415E+01     -1.032398E+03     -2.207259E+03
   -6.903247E+01     -2.194510E+01     -2.050794E+01     -2.194510E+01     -3.618919E+03     -1.010690E+03     -2.050794E+01     -1.010690E+03     -2.254589E+03
   -7.163481E+01     -1.799825E+01     -1.463716E+01     -1.799825E+01     -3.809084E+03     -9.792569E+02     -1.463716E+01     -9.792569E+02     -2.274881E+03
   -7.337102E+01     -1.437097E+01     -8.211519E+00     -1.437097E+01     -3.954813E+03     -9.388172E+02     -8.211519E+00     -9.388172E+02     -2.265804E+03
   -7.416705E+01     -1.111148E+01     -1.321542E+00     -1.111148E+01     -4.052083E+03     -8.902121E+02     -1.321542E+00     -8.902121E+02     -2.225410E+03
   -7.396209E+01     -8.261959E+00      5.932708E+00     -8.261959E+00     -4.097580E+03     -8.343897E+02      5.932708E+00     -8.343897E+02     -2.152180E+03
   -7.270985E+01     -5.857823E+00      1.344314E+01     -5.857823E+00     -4.088769E+03     -7.723901E+02      1.344314E+01     -7.723901E+02     -2.045058E+03
   -7.037970E+01     -3.927125E+00      2.109531E+01     -3.927125E+00     -4.023941E+03     -7.053278E+02      2.109531E+01     -7.053278E+02     -1.903478E+03
   -6.695744E+01     -2.490060E+00      2.877016E+01     -2.490060E+00     -3.902252E+03     -6.343734E+02      2.877016E+01     -6.343734E+02     -1.727389E+03
   -6.244593E+01     -1.558609E+00      3.634599E+01     -1.558609E+00     -3.723753E+03     -5.607339E+02      3.634599E+01     -5.607339E+02     -1.517263E+03
   -5.686541E+01     -1.136312E+00      4.370041E+01     -1.136312E+00     -3.489397E+03     -4.856331E+02      4.370041E+01     -4.856331E+02     -1.274102E+03
   -5.025349E+01     -1.218180E+00      5.071232E+01     -1.218180E+00     -3.201036E+03     -4.102909E+02      5.071232E+01     -4.102909E+02     -9.994337E+02
   -4.266489E+01     -1.790764E+00      5.726404E+01     -1.790764E+00     -2.861404E+03     -3.359036E+02      5.726404E+01     -3.359036E+02     -6.952998E+02
   -3.417089E+01     -2.832365E+00      6.324324E+01     -2.832365E+00     -2.474085E+03     -2.636234E+02      6.324324E+01     -2.636234E+02     -3.642330E+02
   -2.485846E+01     -4.313387E+00      6.854491E+01     -4.313387E+00     -2.043461E+03     -1.945400E+02      6.854491E+01     -1.945400E+02     -9.228842E+00
   -1.482913E+01     -6.196840E+00      7.307323E+01     -6.196840E+00     -1.574657E+03     -1.296622E+02      7.307323E+01     -1.296622E+02      3.662915E+02
   -4.197630E+00     -8.438970E+00      7.674325E+01     -8.438970E+00     -1.073464E+03     -6.990153E+01      7.674325E+01     -6.990153E+01      7.585258E+02
    6.909809E+00     -1.099002E+01      7.948247E+01     -1.099002E+01     -5.462565E+02     -1.605693E+01      7.948247E+01     -1.605693E+01      1.163342E+03
    1.835726E+01     -1.379508E+01      8.123219E+01     -1.379508E+01      1.051435E-01      3.119794E+01      8.123219E+01      3.119794E+01      1.576335E+03
    3.000116E+01     -1.679510E+01      8.194862E+01     -1.679510E+01      5.583767E+02      7.132568E+01      8.194862E+01      7.132568E+01      1.992888E+03
    4.169252E+01     -1.992789E+01      8.160376E+01     -1.992789E+01      1.121041E+03      1.039337E+02      8.160376E+01      1.039337E+02      2.408240E+03
    5.327920E+01     -2.312923E+01      8.018604E+01     -2.312923E+01      1.680426E+03      1.287802E+02      8.018604E+01      1.287802E+02      2.817554E+03
    6.460835E+01     -2.633407E+01      7.770063E+01     -2.633407E+01      2.228821E+03      1.457775E+02      7.770063E+01      1.457775E+02      3.215986E+03
    7.552878E+01     -2.947762E+01      7.416951E+01     -2.947762E+01      2.758599E+03      1.549927E+02      7.416951E+01      1.549927E+02      3.598760E+03
    8.589340E+01     -3.249660E+01      6.963118E+01     -3.249660E+01      3.262337E+03      1.566457E+02      6.963118E+01      1.566457E+02      3.961236E+03
    9.556159E+01     -3.533032E+01      6.414017E+01     -3.533032E+01      3.732933E+03      1.511047E+02      6.414017E+01      1.511047E+02      4.298980E+03
    1.044014E+02     -3.792183E+01      5.776622E+01     -3.792183E+01      4.163718E+03      1.388783E+02      5.776622E+01      1.388783E+02      4.607830E+03
    1.122918E+02     -4.021888E+01      5.059314E+01     -4.021888E+01      4.548562E+03      1.206065E+02      5.059314E+01      1.206065E+02      4.883960E+03
    1.191246E+02     -4.217497E+01      4.271755E+01     -4.217497E+01      4.881974E+03      9.704776E+01      4.271755E+01      9.704776E+01      5.123937E+03
    1.248060E+02     -4.375009E+01      3.424728E+01     -4.375009E+01      5.159185E+03      6.906557E+01      3.424728E+01      6.906557E+01      5.324772E+03
    1.292583E+02     -4.491152E+01      2.529961E+01     -4.491152E+01      5.376227E+03      3.761187E+01      2.529961E+01      3.761187E+01      5.483966E+03
    1.324212E+02     -4.563437E+01      1.599940E+01     -4.563437E+01      5.529996E+03      3.709666E+00      1.599940E+01      3.709666E+00      5.599546E+03
    1.342525E+02     -4.590205E+01      6.477007E+00     -4.590205E+01      5.618302E+03     -3.156595E+01      6.477007E+00     -3.156595E+01      5.670097E+03
    1.347289E+02     -4.570659E+01     -3.133845E+00     -4.570659E+01      5.639903E+03     -6.710761E+01     -3.133845E+00     -6.710761E+01      5.694778E+03
    1.338464E+02     -4.504872E+01     -1.269823E+01     -4.504872E+01      5.594521E+03     -1.017960E+02     -1.269823E+01     -1.017960E+02      5.673341E+03
    1.316200E+02     -4.393791E+01     -2.208225E+01     -4.393791E+01      5.482852E+03     -1.345208E+02     -2.208225E+01     -1.345208E+02      5.606126E+03
    1.280838E+02     -4.239217E+01     -3.115515E+01     -4.239217E+01      5.306552E+03     -1.642008E+02     -3.115515E+01     -1.642008E+02      5.494060E+03
    1.232900E+02     -4.043771E+01     -3.979148E+01     -4.043771E+01      5.068207E+03     -1.898040E+02     -3.979148E+01     -1.898040E+02      5.338641E+03
    1.173082E+02     -3.810850E+01     -4.787306E+01     -3.810850E+01      4.771295E+03     -2.103674E+02     -4.787306E+01     -2.103674E+02      5.141910E+03
    1.102242E+02     -3.544565E+01     -5.529085E+01     -3.544565E+01      4.420127E+03     -2.250143E+02     -5.529085E+01     -2.250143E+02      4.906425E+03
    1.021385E+02     -3.249667E+01     -6.194662E+01     -3.249667E+01      4.019782E+03     -2.329712E+02     -6.194662E+01     -2.329712E+02      4.635214E+03
    9.316458E+01     -2.931465E+01     -6.775448E+01     -2.931465E+01      3.576020E+03     -2.335828E+02     -6.775448E+01     -2.335828E+02      4.331733E+03
    8.342712E+01     -2.595731E+01     -7.264214E+01     -2.595731E+01      3.095194E+03     -2.263246E+02     -7.264214E+01     -2.263246E+02      3.999811E+03
    7.305995E+01     -2.248600E+01     -7.655193E+01     -2.248600E+01      2.584148E+03     -2.108138E+02     -7.655193E+01     -2.108138E+02      3.643591E+03
    6.220388E+01     -1.896468E+01     -7.944162E+01     -1.896468E+01      2.050111E+03     -1.868172E+02     -7.944162E+01     -1.868172E+02      3.267465E+03
    5.100446E+01     -1.545874E+01     -8.128490E+01     -1.545874E+01      1.500580E+03     -1.542573E+02     -8.128490E+01     -1.542573E+02      2.876011E+03
    3.960972E+01     -1.203398E+01     -8.207166E+01     -1.203398E+01      9.432030E+02     -1.132154E+02     -8.207166E+01     -1.132154E+02      2.473922E+03
    2.816787E+01     -8.755408E+00     -8.180797E+01     -8.755408E+00      3.856624E+02     -6.393168E+01     -8.180797E+01     -6.393168E+01      2.065936E+03
    1.682500E+01     -5.686212E+00     -8.051581E+01     -5.686212E+00     -1.644463E+02     -6.803532E+00     -8.051581E+01     -6.803532E+00      1.656767E+03
    5.722931E+00     -2.886670E+00     -7.823254E+01     -2.886670E+00     -6.997312E+02      5.761955E+01     -7.823254E+01      5.761955E+01      1.251036E+03
   -5.002920E+00     -4.131601E-01     -7.501014E+01     -4.131601E-01     -1.213116E+03      1.286432E+02     -7.501014E+01      1.286432E+02      8.532026E+02
   -1.522550E+01      1.682769E+00     -7.091422E+01      1.682769E+00     -1.697949E+03      2.054380E+02     -7.091422E+01      2.054380E+02      4.675036E+02
   -2.482793E+01      3.355246E+00     -6.602282E+01      3.355246E+00     -2.148102E+03      2.870514E+02     -6.602282E+01      2.870514E+02      9.789270E+01
   -3.370512E+01      4.564821E+00     -6.042506E+01      4.564821E+00     -2.558060E+03      3.724219E+02     -6.042506E+01      3.724219E+02     -2.520138E+02
   -4.176521E+01      5.279112E+00     -5.421961E+01      5.279112E+00     -2.923006E+03      4.603947E+02     -5.421961E+01      4.603947E+02     -5.789852E+02
   -4.893074E+01      5.473328E+00     -4.751303E+01      5.473328E+00     -3.238886E+03      5.497396E+02     -4.751303E+01      5.497396E+02     -8.802183E+02
   -5.513960E+01      5.130675E+00     -4.041801E+01      5.130675E+00     -3.502467E+03      6.391693E+02     -4.041801E+01      6.391693E+02     -1.153372E+03
   -6.034575E+01      4.242633E+00     -3.305156E+01      4.242633E+00     -3.711381E+03      7.273595E+02     -3.305156E+01      7.273595E+02     -1.396593E+03
   -6.451962E+01      2.809107E+00     -2.553315E+01      2.809107E+00     -3.864156E+03      8.129692E+02     -2.553315E+01      8.129692E+02     -1.608538E+03
   -6.764834E+01      8.384444E-01     -1.798280E+01      8.384444E-01     -3.960227E+03      8.946615E+02     -1.798280E+01      8.946615E+02     -1.788381E+03
   -6.973563E+01     -1.652670E+00     -1.051922E+01     -1.652670E+00     -3.999940E+03      9.711247E+02     -1.051922E+01      9.711247E+02     -1.935816E+03
   -7.080149E+01     -4.639447E+00     -3.257993E+00     -4.639447E+00     -3.984537E+03      1.041093E+03     -3.257993E+00      1.041093E+03     -2.051053E+03
   -7.088160E+01     -8.089345E+00      3.690204E+00     -8.089345E+00     -3.916129E+03      1.103366E+03      3.690204E+00      1.103366E+03     -2.134802E+03
   -7.002653E+01     -1.196254E+01      1.022126E+01     -1.196254E+01     -3.797653E+03      1.156827E+03      1.022126E+01      1.156827E+03     -2.188253E+03
   -6.830071E+01     -1.621249E+01      1.623917E+01     -1.621249E+01     -3.632819E+03      1.200466E+03      1.623917E+01      1.200466E+03     -2.213045E+03
   -6.578120E+01     -2.078662E+01      2.165749E+01     -2.078662E+01     -3.426045E+03      1.233387E+03      2.165749E+01      1.233387E+03     -2.211228E+03
   -6.255625E+01     -2.562705E+01      2.640057E+01     -2.562705E+01     -3.182376E+03      1.254833E+03      2.640057E+01      1.254833E+03     -2.185225E+03
   -5.872380E+01     -3.067145E+01      3.040467E+01     -3.067145E+01     -2.907401E+03      1.264190E+03      3.040467E+01      1.264190E+03     -2.137781E+03
   -5.438968E+01     -3.585395E+01      3.361885E+01     -3.585395E+01     -2.607156E+03      1.261003E+03      3.361885E+01      1.261003E+03     -2.071911E+03
   -4.966590E+01     -4.110604E+01      3.600569E+01     -4.110604E+01     -2.288021E+03      1.244983E+03      3.600569E+01      1.244983E+03     -1.990841E+03
   -4.466866E+01     -4.635758E+01      3.754181E+01     -4.635758E+01     -1.956616E+03      1.216013E+03      3.754181E+01      1.216013E+03     -1.897950E+03
   -3.951647E+01     -5.153784E+01      3.821813E+01     -5.153784E+01     -1.619689E+03      1.174150E+03      3.821813E+01      1.174150E+03     -1.796711E+03
   -3.432814E+01     -5.657646E+01      3.804000E+01     -5.657646E+01     -1.284001E+03      1.119628E+03      3.804000E+01      1.119628E+03     -1.690619E+03
   -2.922083E+01     -6.140450E+01      3.702700E+01     -6.140450E+01     -9.562177E+02      1.052855E+03      3.702700E+01      1.052855E+03     -1.583140E+03
   -2.430808E+01     -6.595543E+01      3.521267E+01     -6.595543E+01     -6.427969E+02      9.744060E+02      3.521267E+01      9.744060E+02     -1.477637E+03
   -1.969796E+01     -7.016610E+01      3.264387E+01     -7.016610E+01     -3.498803E+02      8.850218E+02      3.264387E+01      8.850218E+02     -1.377320E+03
   -1.549127E+01     -7.397766E+01      2.938010E+01     -7.397766E+01     -8.319245E+01      7.855947E+02      2.938010E+01      7.855947E+02     -1.285181E+03
   -1.177986E+01     -7.733642E+01      2.549247E+01     -7.733642E+01      1.520551E+02      6.771581E+02      2.549247E+01      6.771581E+02     -1.203943E+03
   -8.645093E+00     -8.019462E+01      2.106266E+01     -8.019462E+01      3.512513E+02      5.608733E+02      2.106266E+01      5.608733E+02     -1.136014E+03
   -6.156470E+00     -8.251121E+01      1.618157E+01     -8.251121E+01      5.104632E+02      4.380127E+02      1.618157E+01      4.380127E+02     -1.083437E+03
   -4.370436E+00     -8.425238E+01      1.094788E+01     -8.425238E+01      6.265031E+02      3.099428E+02      1.094788E+01      3.099428E+02     -1.047859E+03
   -3.329391E+00     -8.539215E+01      5.466568E+00     -8.539215E+01      6.969833E+02      1.781049E+02      5.466568E+00      1.781049E+02     -1.030496E+03
   -3.060916E+00     -8.591275E+01     -1.528476E-01     -8.591275E+01      7.203587E+02      4.399489E+01     -1.528476E-01      4.399489E+01     -1.032110E+03
   -3.577230E+00     -8.580492E+01     -5.797988E+00     -8.580492E+01      6.959555E+02     -9.085757E+01     -5.797988E+00     -9.085757E+01     -1.052996E+03
   -4.874895E+00     -8.506808E+01     -1.135543E+01     -8.506808E+01      6.239858E+02     -2.249110E+02     -1.135543E+01     -2.249110E+02     -1.092969E+03
   -6.934758E+00     -8.371038E+01     -1.671255E+01     -8.371038E+01      5.055479E+02     -3.566338E+02     -1.671255E+01     -3.566338E+02     -1.151369E+03
   -9.722151E+00     -8.174864E+01     -2.175932E+01     -8.174864E+01      3.426126E+02     -4.845263E+02     -2.175932E+01     -4.845263E+02     -1.227067E+03
   -1.318734E+01     -7.920812E+01     -2.639014E+01     -7.920812E+01      1.379946E+02     -6.071417E+02     -2.639014E+01     -6.071417E+02     -1.318480E+03
   -1.726623E+01     -7.612218E+01     -3.050561E+01     -7.612218E+01     -1.046897E+02     -7.231071E+02     -3.050561E+01     -7.231071E+02     -1.423600E+03
   -2.188128E+01     -7.253189E+01     -3.401416E+01     -7.253189E+01     -3.810774E+02     -8.311428E+02     -3.401416E+01     -8.311428E+02     -1.540019E+03
   -2.694269E+01     -6.848539E+01     -3.683369E+01     -6.848539E+01     -6.861279E+02     -9.300808E+02     -3.683369E+01     -9.300808E+02     -1.664974E+03
   -3.234976E+01     -6.403726E+01     -3.889295E+01     -6.403726E+01     -1.014202E+03     -1.018881E+03     -3.889295E+01     -1.018881E+03     -1.795391E+03
   -3.799247E+01     -5.924771E+01     -4.013289E+01     -5.924771E+01     -1.359152E+03     -1.096646E+03     -4.013289E+01     -1.096646E+03     -1.927934E+03
   -4.375324E+01     -5.418173E+01     -4.050772E+01     -5.418173E+01     -1.714422E+03     -1.162634E+03     -4.050772E+01     -1.162634E+03     -2.059062E+03
   -4.950879E+01     -4.890811E+01     -3.998591E+01     -4.890811E+01     -2.073152E+03     -1.216268E+03     -3.998591E+01     -1.216268E+03     -2.185093E+03
   -5.513218E+01     -4.349847E+01     -3.855080E+01     -4.349847E+01     -2.428292E+03     -1.257144E+03     -3.855080E+01     -1.257144E+03     -2.302265E+03
   -6.049492E+01     -3.802614E+01     -3.620117E+01     -3.802614E+01     -2.772721E+03     -1.285037E+03     -3.620117E+01     -1.285037E+03     -2.406801E+03
   -6.546911E+01     -3.256509E+01     -3.295140E+01     -3.256509E+01     -3.099361E+03     -1.299902E+03     -3.295140E+01     -1.299902E+03     -2.494979E+03
   -6.992966E+01     -2.718878E+01     -2.883154E+01     -2.718878E+01     -3.401299E+03     -1.301874E+03     -2.883154E+01     -1.301874E+03     -2.563201E+03
   -7.375647E+01     -2.196904E+01     -2.388698E+01     -2.196904E+01     -3.671906E+03     -1.291264E+03     -2.388698E+01     -1.291264E+03     -2.608055E+03
   -7.683655E+01     -1.697499E+01     -1.817797E+01     -1.697499E+01     -3.904947E+03     -1.268554E+03     -1.817797E+01     -1.268554E+03     -2.626382E+03
   -7.906612E+01     -1.227191E+01     -1.177886E+01     -1.227191E+01     -4.094696E+03     -1.234390E+03     -1.177886E+01     -1.234390E+03     -2.615336E+03
   -8.035249E+01     -7.920240E+00     -4.777069E+00     -7.920240E+00     -4.236032E+03     -1.189568E+03     -4.777069E+00     -1.189568E+03     -2.572446E+03
   -8.061594E+01     -3.974614E+00      2.728127E+00     -3.974614E+00     -4.324535E+03     -1.135020E+03      2.728127E+00     -1.135020E+03     -2.495658E+03
   -7.979125E+01     -4.829943E-01      1.062707E+01     -4.829943E-01     -4.356569E+03     -1.071801E+03      1.062707E+01     -1.071801E+03     -2.383391E+03
   -7.782916E+01      2.514109E+00      1.880134E+01      2.514109E+00     -4.329349E+03     -1.001073E+03      1.880134E+01     -1.001073E+03     -2.234570E+03
   -7.469753E+01      4.984294E+00      2.712561E+01      4.984294E+00     -4.241002E+03     -9.240800E+02      2.712561E+01     -9.240800E+02     -2.048656E+03
   -7.038221E+01      6.903800E+00      3.546957E+01      6.903800E+00     -4.090607E+03     -8.421319E+02      3.546957E+01     -8.421319E+02     -1.825673E+03
   -6.488767E+01      8.257894E+00      4.370003E+01      8.257894E+00     -3.878225E+03     -7.565823E+02      4.370003E+01     -7.565823E+02     -1.566217E+03
   -5.823733E+01      9.041119E+00      5.168305E+01      9.041119E+00     -3.604908E+03     -6.688057E+02      5.168305E+01     -6.688057E+02     -1.271465E+03
   -5.047358E+01      9.257380E+00      5.928616E+01      9.257380E+00     -3.272699E+03     -5.801757E+02      5.928616E+01     -5.801757E+02     -9.431654E+02
   -4.165743E+01      8.919881E+00      6.638057E+01      8.919881E+00     -2.884609E+03     -4.920419E+02      6.638057E+01     -4.920419E+02     -5.836290E+02
   -3.186793E+01      8.050897E+00      7.284332E+01      8.050897E+00     -2.444581E+03     -4.057088E+02      7.284332E+01     -4.057088E+02     -1.957021E+02
   -2.120120E+01      6.681394E+00      7.855943E+01      6.681394E+00     -1.957440E+03     -3.224139E+02      7.855943E+01     -3.224139E+02      2.172649E+02
   -9.769232E+00      4.850493E+00      8.342386E+01      4.850493E+00     -1.428822E+03     -2.433087E+02      8.342386E+01     -2.433087E+02      6.514580E+02
    2.301639E+00      2.604796E+00      8.734339E+01      2.604796E+00     -8.651015E+02     -1.694393E+02      8.734339E+01     -1.694393E+02      1.102649E+03
    1.487252E+01     -2.429186E-03      9.023833E+01     -2.429186E-03     -2.732904E+02     -1.017305E+02      9.023833E+01     -1.017305E+02      1.566251E+03
    2.779396E+01     -2.912175E+00      9.204392E+01     -2.912175E+00      3.390609E+02     -4.097093E+01      9.204392E+01     -4.097093E+01      2.037381E+03
    4.090817E+01     -6.060734E+00      9.271163E+01     -6.060734E+00      9.639791E+02      1.219905E+01      9.271163E+01      1.219905E+01      2.510929E+03
    5.405139E+01     -9.380822E+00      9.221008E+01     -9.380822E+00      1.593189E+03      5.729682E+01      9.221008E+01      5.729682E+01      2.981629E+03
    6.705641E+01     -1.280277E+01      9.052576E+01     -1.280277E+01      2.218240E+03      9.400448E+01      9.052576E+01      9.400448E+01      3.444134E+03
    7.975513E+01     -1.625575E+01      8.766338E+01     -1.625575E+01      2.830637E+03      1.221728E+02      8.766338E+01      1.221728E+02      3.893094E+03
    9.198123E+01     -1.966905E+01      8.364599E+01     -1.966905E+01      3.421973E+03      1.418224E+02      8.364599E+01      1.418224E+02      4.323237E+03
    1.035728E+02     -2.297335E+01      7.851468E+01     -2.297335E+01      3.984061E+03      1.531417E+02      7.851468E+01      1.531417E+02      4.729442E+03
    1.143747E+02     -2.610190E+01      7.232810E+01     -2.610190E+01      4.509059E+03      1.564822E+02      7.232810E+01      1.564822E+02      5.106816E+03
    1.242415E+02     -2.899180E+01      6.516155E+01     -2.899180E+01      4.989599E+03      1.523510E+02      6.516155E+01      1.523510E+02      5.450772E+03
    1.330392E+02     -3.158506E+01      5.710586E+01     -3.158506E+01      5.418898E+03      1.414001E+02      5.710586E+01      1.414001E+02      5.757090E+03
    1.406480E+02     -3.382968E+01      4.826601E+01     -3.382968E+01      5.790871E+03      1.244139E+02      4.826601E+01      1.244139E+02      6.021986E+03
    1.469637E+02     -3.568054E+01      3.875941E+01     -3.568054E+01      6.100222E+03      1.022936E+02      3.875941E+01      1.022936E+02      6.242167E+03
    1.518996E+02     -3.710028E+01      2.871410E+01     -3.710028E+01      6.342533E+03      7.604054E+01      2.871410E+01      7.604054E+01      6.414880E+03
    1.553880E+02     -3.805988E+01      1.826662E+01     -3.805988E+01      6.514328E+03      4.673653E+01      1.826662E+01      4.673653E+01      6.537954E+03
    1.573810E+02     -3.853922E+01      7.559873E+00     -3.853922E+01      6.613137E+03      1.552394E+01      7.559873E+00      1.552394E+01      6.609833E+03
    1.578515E+02     -3.852745E+01     -3.259220E+00     -3.852745E+01      6.637525E+03     -1.641594E+01     -3.259220E+00     -1.641594E+01      6.629597E+03
    1.567934E+02     -3.802316E+01     -1.404208E+01     -3.802316E+01      6.587125E+03     -4.788502E+01     -1.404208E+01     -4.788502E+01      6.596981E+03
    1.542218E+02     -3.703438E+01     -2.464085E+01     -3.703438E+01      6.462634E+03     -7.769084E+01     -2.464085E+01     -7.769084E+01      6.512372E+03
    1.501727E+02     -3.557844E+01     -3.491081E+01     -3.557844E+01      6.265807E+03     -1.046689E+02     -3.491081E+01     -1.046689E+02      6.376806E+03
    1.447022E+02     -3.368169E+01     -4.471263E+01     -3.368169E+01      5.999429E+03     -1.277047E+02     -4.471263E+01     -1.277047E+02      6.191950E+03
    1.378858E+02     -3.137895E+01     -5.391462E+01     -3.137895E+01      5.667267E+03     -1.457545E+02     -5.391462E+01     -1.457545E+02      5.960079E+03
    1.298171E+02     -2.871296E+01     -6.239480E+01     -2.871296E+01      5.274014E+03     -1.578653E+02     -6.239480E+01     -1.578653E+02      5.684039E+03
    1.206059E+02     -2.573357E+01     -7.004276E+01     -2.573357E+01      4.825210E+03     -1.631931E+02     -7.004276E+01     -1.631931E+02      5.367201E+03
    1.103770E+02     -2.249684E+01     -7.676137E+01     -2.249684E+01      4.327157E+03     -1.610191E+02     -7.676137E+01     -1.610191E+02      5.013414E+03
    9.926768E+01     -1.906411E+01     -8.246822E+01     -1.906411E+01      3.786818E+03     -1.507643E+02     -8.246822E+01     -1.507643E+02      4.626945E+03
    8.742575E+01     -1.550088E+01     -8.709683E+01     -1.550088E+01      3.211708E+03     -1.320010E+02     -8.709683E+01     -1.320010E+02      4.212412E+03
    7.500712E+01     -1.187567E+01     -9.059754E+01     -1.187567E+01      2.609777E+03     -1.044623E+02     -9.059754E+01     -1.044623E+02      3.774719E+03
    6.217336E+01     -8.258824E+00     -9.293820E+01     -8.258824E+00      1.989282E+03     -6.804853E+01     -9.293820E+01     -6.804853E+01      3.318979E+03
    4.908919E+01     -4.721313E+00     -9.410443E+01     -4.721313E+00      1.358662E+03     -2.283106E+01     -9.410443E+01     -2.283106E+01      2.850443E+03
    3.591993E+01     -1.333500E+00     -9.409976E+01     -1.333500E+00      7.264048E+02      3.094695E+01     -9.409976E+01      3.094695E+01      2.374416E+03
    2.282899E+01      1.836059E+00     -9.294533E+01      1.836059E+00      1.009187E+02      9.287265E+01     -9.294533E+01      9.287265E+01      1.896188E+03
    9.975441E+00      4.721784E+00     -9.067937E+01      4.721784E+00     -5.095984E+02      1.623684E+02     -9.067937E+01      1.623684E+02      1.420951E+03
   -2.488370E+00      7.262177E+00     -8.735643E+01      7.262177E+00     -1.097283E+03      2.386996E+02     -8.735643E+01      2.386996E+02      9.537284E+02
   -1.441901E+01      9.400866E+00     -8.304632E+01      9.400866E+00     -1.654723E+03      3.209851E+02     -8.304632E+01      3.209851E+02      4.993046E+02
   -2.568401E+01      1.108754E+01     -7.783281E+01      1.108754E+01     -2.175071E+03      4.082099E+02     -7.783281E+01      4.082099E+02      6.215811E+01
   -3.616368E+01      1.227882E+01     -7.181220E+01      1.227882E+01     -2.652144E+03      4.992404E+02     -7.181220E+01      4.992404E+02     -3.535983E+02
   -4.575277E+01      1.293893E+01     -6.509162E+01      1.293893E+01     -3.080510E+03      5.928417E+02     -6.509162E+01      5.928417E+02     -7.442717E+02
   -5.436179E+01      1.304035E+01     -5.778719E+01      1.304035E+01     -3.455569E+03      6.876964E+02     -5.778719E+01      6.876964E+02     -1.106636E+03
   -6.191810E+01      1.256428E+01     -5.002217E+01      1.256428E+01     -3.773617E+03      7.824247E+02     -5.002217E+01      7.824247E+02     -1.437970E+03
   -6.836676E+01      1.150090E+01     -4.192486E+01      1.150090E+01     -4.031890E+03      8.756065E+02     -4.192486E+01      8.756065E+02     -1.736090E+03
   -7.367104E+01      9.849641E+00     -3.362658E+01      9.849641E+00     -4.228602E+03      9.658026E+02     -3.362658E+01      9.658026E+02     -1.999367E+03
   -7.781267E+01      7.619146E+00     -2.525954E+01      7.619146E+00     -4.362961E+03      1.051579E+03     -2.525954E+01      1.051579E+03     -2.226746E+03
   -8.079175E+01      4.827205E+00     -1.695478E+01      4.827205E+00     -4.435168E+03      1.131526E+03     -1.695478E+01      1.131526E+03     -2.417742E+03
   -8.262646E+01      1.500496E+00     -8.840135E+00      1.500496E+00     -4.446410E+03      1.204288E+03     -8.840135E+00      1.204288E+03     -2.572441E+03
   -8.335241E+01     -2.325804E+00     -1.038248E+00     -2.325804E+00     -4.398824E+03      1.268574E+03     -1.038248E+00      1.268574E+03     -2.691480E+03
   -8.302178E+01     -6.608520E+00      6.335278E+00     -6.608520E+00     -4.295455E+03      1.323191E+03      6.335278E+00      1.323191E+03     -2.776026E+03
   -8.170219E+01     -1.129712E+01      1.317362E+01     -1.129712E+01     -4.140197E+03      1.367053E+03      1.317362E+01      1.367053E+03     -2.827745E+03
   -7.947535E+01     -1.633444E+01      1.938034E+01     -1.633444E+01     -3.937725E+03      1.399205E+03      1.938034E+01      1.399205E+03     -2.848763E+03
   -7.643549E+01     -2.165753E+01      2.487073E+01     -2.165753E+01     -3.693403E+03      1.418837E+03      2.487073E+01      1.418837E+03     -2.841617E+03
   -7.268768E+01     -2.719859E+01      2.957313E+01     -2.719859E+01     -3.413199E+03      1.425297E+03      2.957313E+01      1.425297E+03     -2.809206E+03
   -6.834588E+01     -3.288591E+01      3.342983E+01     -3.288591E+01     -3.103575E+03      1.418105E+03      3.342983E+01      1.418105E+03     -2.754733E+03
   -6.353100E+01     -3.864498E+01      3.639794E+01     -3.864498E+01     -2.771379E+03      1.396958E+03      3.639794E+01      1.396958E+03     -2.681641E+03
   -5.836877E+01     -4.439953E+01      3.844989E+01     -4.439953E+01     -2.423731E+03      1.361742E+03      3.844989E+01      1.361742E+03     -2.593552E+03
   -5.298763E+01     -5.007266E+01      3.957378E+01     -5.007266E+01     -2.067897E+03      1.312529E+03      3.957378E+01      1.312529E+03     -2.494193E+03
   -4.751652E+01     -5.558797E+01      3.977345E+01     -5.558797E+01     -1.711171E+03      1.249582E+03      3.977345E+01      1.249582E+03     -2.387337E+03
   -4.208274E+01     -6.087063E+01      3.906829E+01     -6.087063E+01     -1.360756E+03      1.173354E+03      3.906829E+01      1.173354E+03     -2.276725E+03
   -3.680982E+01     -6.584853E+01      3.749289E+01     -6.584853E+01     -1.023636E+03      1.084477E+03      3.749289E+01      1.084477E+03     -2.166004E+03
   -3.181547E+01     -7.045330E+01      3.509637E+01     -7.045330E+01     -7.064667E+02      9.837596E+02      3.509637E+01      9.837596E+02     -2.058662E+03
   -2.720964E+01     -7.462128E+01      3.194156E+01     -7.462128E+01     -4.154622E+02      8.721766E+02      3.194156E+01      8.721766E+02     -1.957963E+03
   -2.309268E+01     -7.829452E+01      2.810391E+01     -7.829452E+01     -1.562920E+02      7.508527E+02      2.810391E+01      7.508527E+02     -1.866888E+03
   -1.955367E+01     -8.142157E+01      2.367027E+01     -8.142157E+01      6.601274E+01      6.210501E+02      2.367027E+01      6.210501E+02     -1.788086E+03
   -1.666900E+01     -8.395825E+01      1.873747E+01     -8.395825E+01      2.471433E+02      4.841503E+02      1.873747E+01      4.841503E+02     -1.723826E+03
   -1.450101E+01     -8.586835E+01      1.341073E+01     -8.586835E+01      3.835850E+02      3.416355E+02      1.341073E+01      3.416355E+02     -1.675953E+03
   -1.309700E+01     -8.712410E+01      7.801970E+00     -8.712410E+01      4.726768E+02      1.950676E+02      7.801970E+00      1.950676E+02     -1.645859E+03
   -1.248839E+01     -8.770667E+01      2.027990E+00     -8.770667E+01      5.126558E+02      4.606651E+01      2.027990E+00      4.606651E+01     -1.634453E+03
   -1.269019E+01     -8.760638E+01     -3.791411E+00     -8.760638E+01      5.026882E+02     -1.037122E+02     -3.791411E+00     -1.037122E+02     -1.642150E+03
   -1.370067E+01     -8.682295E+01     -9.535377E+00     -8.682295E+01      4.428848E+02     -2.526010E+02     -9.535377E+00     -2.526010E+02     -1.668857E+03
   -1.550133E+01     -8.536544E+01     -1.508396E+01     -8.536544E+01      3.343013E+02     -3.989437E+02     -1.508396E+01     -3.989437E+02     -1.713977E+03
   -1.805719E+01     -8.325224E+01     -2.032008E+01     -8.325224E+01      1.789224E+02     -5.411189E+02     -2.032008E+01     -5.411189E+02     -1.776413E+03
   -2.131724E+01     -8.051072E+01     -2.513144E+01     -8.051072E+01     -2.036812E+01     -6.775626E+02     -2.513144E+01     -6.775626E+02     -1.854591E+03
   -2.521524E+01     -7.717694E+01     -2.941242E+01     -7.717694E+01     -2.598331E+02     -8.067906E+02     -2.941242E+01     -8.067906E+02     -1.946483E+03
   -2.967073E+01     -7.329510E+01     -3.306580E+01     -7.329510E+01     -5.349411E+02     -9.274189E+02     -3.306580E+01     -9.274189E+02     -2.049642E+03
   -3.459033E+01     -6.891694E+01     -3.600446E+01     -6.891694E+01     -8.404397E+02     -1.038183E+03     -3.600446E+01     -1.038183E+03     -2.161240E+03
   -3.986916E+01     -6.410095E+01     -3.815284E+01     -6.410095E+01     -1.170440E+03     -1.137957E+03     -3.815284E+01     -1.137957E+03     -2.278120E+03
   -4.539255E+01     -5.891161E+01     -3.944834E+01     -5.891161E+01     -1.518512E+03     -1.225767E+03     -3.944834E+01     -1.225767E+03     -2.396852E+03
   -5.103792E+01     -5.341837E+01     -3.984241E+01     -5.341837E+01     -1.877791E+03     -1.300804E+03     -3.984241E+01     -1.300804E+03     -2.513785E+03
   -5.667677E+01     -4.769468E+01     -3.930154E+01     -4.769468E+01     -2.241089E+03     -1.362438E+03     -3.930154E+01     -1.362438E+03     -2.625120E+03
   -6.217679E+01     -4.181690E+01     -3.780792E+01     -4.181690E+01     -2.601015E+03     -1.410223E+03     -3.780792E+01     -1.410223E+03     -2.726970E+03
   -6.740412E+01     -3.586317E+01     -3.535995E+01     -3.586317E+01     -2.950098E+03     -1.443902E+03     -3.535995E+01     -1.443902E+03     -2.815435E+03
   -7.222559E+01     -2.991223E+01     -3.197244E+01     -2.991223E+01     -3.280912E+03     -1.463411E+03     -3.197244E+01     -1.463411E+03     -2.886670E+03
   -7.651103E+01     -2.404227E+01     -2.767660E+01     -2.404227E+01     -3.586201E+03     -1.468880E+03     -2.767660E+01     -1.468880E+03     -2.936956E+03
   -8.013553E+01     -1.832971E+01     -2.251967E+01     -1.832971E+01     -3.859005E+03     -1.460623E+03     -2.251967E+01     -1.460623E+03     -2.962772E+03
   -8.298168E+01     -1.284810E+01     -1.656442E+01     -1.284810E+01     -4.092776E+03     -1.439141E+03     -1.656442E+01     -1.439141E+03     -2.960860E+03
   -8.494169E+01     -7.666936E+00     -9.888327E+00     -7.666936E+00     -4.281498E+03     -1.405103E+03     -9.888327E+00     -1.405103E+03     -2.928288E+03
   -8.591943E+01     -2.850635E+00     -2.582459E+00     -2.850635E+00     -4.419788E+03     -1.359344E+03     -2.582459E+00     -1.359344E+03     -2.862514E+03
   -8.583225E+01      1.542467E+00      5.249778E+00      1.542467E+00     -4.502998E+03     -1.302841E+03      5.249778E+00     -1.302841E+03     -2.761435E+03
   -8.461264E+01      5.461014E+00      1.349418E+01      5.461014E+00     -4.527297E+03     -1.236706E+03      1.349418E+01     -1.236706E+03     -2.623439E+03
   -8.220972E+01      8.861431E+00      2.202746E+01      8.861431E+00     -4.489747E+03     -1.162159E+03      2.202746E+01     -1.162159E+03     -2.447441E+03
   -7.859035E+01      1.170859E+01      3.071912E+01      1.170859E+01     -4.388362E+03     -1.080515E+03      3.071912E+01     -1.080515E+03     -2.232917E+03
   -7.374014E+01      1.397638E+01      3.943350E+01      1.397638E+01     -4.222154E+03     -9.931574E+02      3.943350E+01     -9.931574E+02     -1.979930E+03
   -6.766400E+01      1.564807E+01      4.803192E+01      1.564807E+01     -3.991159E+03     -9.015176E+02      4.803192E+01     -9.015176E+02     -1.689137E+03
   -6.038651E+01      1.671659E+01      5.637488E+01      1.671659E+01     -3.696452E+03     -8.070519E+02      5.637488E+01     -8.070519E+02     -1.361802E+03
   -5.195190E+01      1.718461E+01      6.432435E+01      1.718461E+01     -3.340143E+03     -7.112174E+02      6.432435E+01     -7.112174E+02     -9.997860E+02
   -4.242376E+01      1.706450E+01      7.174604E+01      1.706450E+01     -2.925356E+03     -6.154490E+02      7.174604E+01     -6.154490E+02     -6.055325E+02
   -3.188435E+01      1.637805E+01      7.851162E+01      1.637805E+01     -2.456188E+03     -5.211360E+02      7.851162E+01     -5.211360E+02     -1.820449E+02
   -2.043370E+01      1.515616E+01      8.450091E+01      1.515616E+01     -1.937660E+03     -4.296003E+02      8.450091E+01     -4.296003E+02      2.671483E+02
   -8.188295E+00      1.343821E+01      8.960395E+01      1.343821E+01     -1.375647E+03     -3.420754E+02      8.960395E+01     -3.420754E+02      7.380358E+02
    4.720433E+00      1.127147E+01      9.372289E+01      1.127147E+01     -7.767912E+02     -2.596870E+02      9.372289E+01     -2.596870E+02      1.226175E+03
    1.814796E+01      8.710201E+00      9.677377E+01      8.710201E+00     -1.484099E+02     -1.834356E+02      9.677377E+01     -1.834356E+02      1.726748E+03
    3.193870E+01      5.814732E+00      9.868798E+01      5.814732E+00      5.016148E+02     -1.141812E+02      9.868798E+01     -1.141812E+02      2.234629E+03
    4.592831E+01      2.650423E+00      9.941363E+01      2.650423E+00      1.164953E+03     -5.263032E+01      9.941363E+01     -5.263032E+01      2.744455E+03
    5.994608E+01     -7.134973E-01      9.891650E+01     -7.134973E-01      1.832955E+03      6.740592E-01      9.891650E+01      6.740592E-01      3.250699E+03
    7.381755E+01     -4.205140E+00      9.718082E+01     -4.205140E+00      2.496779E+03      4.535995E+01      9.718082E+01      4.535995E+01      3.747749E+03
    8.736715E+01     -7.751225E+00      9.420967E+01     -7.751225E+00      3.147531E+03      8.123083E+01      9.420967E+01      8.123083E+01      4.229990E+03
    1.004209E+02     -1.127837E+01      9.002509E+01     -1.127837E+01      3.776400E+03      1.082670E+02      9.002509E+01      1.082670E+02      4.691883E+03
    1.128092E+02     -1.471439E+01      8.466791E+01     -1.471439E+01      4.374796E+03      1.266240E+02      8.466791E+01      1.266240E+02      5.128049E+03
    1.243692E+02     -1.798958E+01      7.819721E+01     -1.798958E+01      4.934483E+03      1.366279E+02      7.819721E+01      1.366279E+02      5.533345E+03
    1.349479E+02     -2.103794E+01      7.068948E+01     -2.103794E+01      5.447709E+03      1.387676E+02      7.068948E+01      1.387676E+02      5.902944E+03
    1.444040E+02     -2.379836E+01      6.223750E+01     -2.379836E+01      5.907326E+03      1.336846E+02      6.223750E+01      1.336846E+02      6.232401E+03
    1.526106E+02     -2.621570E+01      5.294892E+01     -2.621570E+01      6.306903E+03      1.221596E+02      5.294892E+01      1.221596E+02      6.517725E+03
    1.594569E+02     -2.824178E+01      4.294460E+01     -2.824178E+01      6.640830E+03      1.050974E+02      4.294460E+01      1.050974E+02      6.755436E+03
    1.648501E+02     -2.983622E+01      3.235673E+01     -2.983622E+01      6.904403E+03      8.350891E+01      3.235673E+01      8.350891E+01      6.942618E+03
    1.687171E+02     -3.096719E+01      2.132669E+01     -3.096719E+01      7.093897E+03      5.849175E+01      2.132669E+01      5.849175E+01      7.076959E+03
    1.710050E+02     -3.161193E+01      1.000285E+01     -3.161193E+01      7.206632E+03      3.120940E+01      1.000285E+01      3.120940E+01      7.156794E+03
    1.716830E+02     -3.175718E+01     -1.461822E+00     -3.175718E+01      7.241007E+03      2.868992E+00     -1.461822E+00      2.868992E+00      7.181120E+03
    1.707416E+02     -3.139942E+01     -1.291220E+01     -3.139942E+01      7.196530E+03     -2.530161E+01     -1.291220E+01     -2.530161E+01      7.149619E+03
    1.681940E+02     -3.054488E+01     -2.419349E+01     -3.054488E+01      7.073824E+03     -5.207700E+01     -2.419349E+01     -5.207700E+01      7.062657E+03
    1.640749E+02     -2.920950E+01     -3.515370E+01     -2.920950E+01      6.874615E+03     -7.625740E+01     -3.515370E+01     -7.625740E+01      6.921281E+03
    1.584404E+02     -2.741856E+01     -4.564603E+01     -2.741856E+01      6.601709E+03     -9.669144E+01     -4.564603E+01     -9.669144E+01      6.727200E+03
    1.513668E+02     -2.520627E+01     -5.553125E+01     -2.520627E+01      6.258940E+03     -1.122981E+02     -5.553125E+01     -1.122981E+02      6.482764E+03
    1.429497E+02     -2.261512E+01     -6.467982E+01     -2.261512E+01      5.851115E+03     -1.220872E+02     -6.467982E+01     -1.220872E+02      6.190921E+03
    1.333021E+02     -1.969517E+01     -7.297397E+01     -1.969517E+01      5.383937E+03     -1.251787E+02     -7.297397E+01     -1.251787E+02      5.855180E+03
    1.225527E+02     -1.650311E+01     -8.030944E+01     -1.650311E+01      4.863910E+03     -1.208200E+02     -8.030944E+01     -1.208200E+02      5.479550E+03
    1.108440E+02     -1.310127E+01     -8.659712E+01     -1.310127E+01      4.298241E+03     -1.084007E+02     -8.659712E+01     -1.084007E+02      5.068487E+03
